<?xml version="1.0"?>
<opencv_storage>
<intrinsic_matrix type_id="opencv-matrix">
  <rows>3</rows>
  <cols>3</cols>
  <dt>d</dt>
  <data>
    3.7163106462345769e+002 0. 3.9954811088902835e+002 0.
    3.8641095237056163e+002 1.9598786228588267e+002 0. 0. 1.</data></intrinsic_matrix>
<distortion type_id="opencv-matrix">
  <rows>4</rows>
  <cols>1</cols>
  <dt>d</dt>
  <data>
    -1.0621173332430196e-002 -7.4246631768612889e-002
    -1.5166202976757281e-002 -1.5460862635282910e-002</data></distortion>
<width>640</width>
<height>480</height>
</opencv_storage>
